-0.24809144733285488 -0.8510339984563939
0.9646841714443823 0.24779397194232597
-0.013169894207656747 0.8134951418124966
0.7908485344175423 0.4567417000355025
0.23239892086263034 0.8091702168794441
0.577760859949898 0.6945842040770924
-0.47371000930815227 -1.0574788792507945
-0.42654599590043957 -0.7683043338633554
-0.4759171114874728 -0.7799145972754611
0.8824478989680018 0.3890887757055037
-0.11349080743031438 1.1307571716101341
-0.6380467807374929 0.9043454896861775
-0.577765419610693 -0.8086648086119363
-0.01229588117283634 -0.9514237067007947
0.720612324546823 0.20719262384108836
0.440065790403489 0.9087654393188273
0.2237658350862249 -0.8201442136137032
0.8085613193751957 0.7042153869587265
0.7363191621160871 0.10412571880413977
-0.7229660014994004 -0.5392978295047631
-0.24311999854322008 -0.9601129448988909
0.4396364337173115 -0.981141591805277
0.011913077084019315 -1.0776272677737235
1.033654313622297 -0.5254408683276993
-0.13772872773968264 -0.9442205336831799
-0.4728656077507663 1.015686189814661
0.42826485064889924 -1.0491335986144072
0.9449550548152601 0.07239862777708317
-0.9453496794380724 0.09422891388717827
-0.8681425662533256 0.586769991959989
-0.1393113767069356 -0.6859633593268867
-0.6261228276176998 0.7505668301640089
-0.006535819877965679 -1.0547928238351383
-0.2429472275699549 -0.9649580973021599
0.059454616436706076 -1.1207299767931636
0.6709750283336359 -0.21150162305871886
0.6029478734780921 0.8477519127946858
0.9743052555956062 0.4500829899139692
0.9052847626200113 -0.5700417577791077
0.008049537089185467 0.9779454370291369
-0.7111620778133813 0.6680139859309024
1.0335245879236836 0.23818861947298614
-0.20674272321807602 0.9521089827948518
0.22713422620568416 0.8776581344534651
-0.11393469481927082 1.0509984277525646
0.5128008844650436 0.8160365420279913
-0.4344641763990581 -0.7500900513391867
0.18324758411915393 0.9250713929459297
0.4677140450868874 -0.9221107214799625
0.7355211243752524 0.5950273131120146
-0.3427795649689352 0.9406987919387071
-0.39338445174624237 -0.8206011800829537
-0.9932618433758565 -0.7237573302559713
-0.5980451669444301 -0.8028788731212502
-0.10802060191274761 -0.8899324867712678
-0.4028163135620256 -1.1934475599368115
-0.6677324747117281 -0.48940532609359144
-0.4472884496202492 -0.8902117346976138
-0.594848910352337 0.7245979290829616
-0.5006048051487484 1.0091872417205368
-0.611459225627646 -0.6513161159737666
0.09315437566284061 0.9633755644660884
-0.22546324337969564 1.0269577773736847
-0.8092616097798393 0.5064226014793443
0.30754145920187753 -0.9712298817980685
-0.2116851960756693 -0.7544651303178208
0.5853054206580651 0.6802828995785711
-0.40577373847063564 0.8584523209217508
-0.30398254635814115 0.8623533946787284
-0.656123569282942 -0.6954227640979814
-0.5995749702515493 -0.9424924392236874
-0.5168070881497676 0.9737622698137605
-0.7722859905441464 -0.659776579472647
-0.0749119642651212 -0.9886846532058471
0.7696549020762444 0.5908973578267326
0.18308100482992404 0.9172474479099574
0.14965781731028857 -1.211706316303991
1.1659345052727652 0.46226639290672317
0.2104772563486082 0.8919325567113137
0.7893901905617704 0.6033781646407398
0.31933535808483304 0.9236157104423145
-0.10181215420960521 1.0889503179200113
0.9386226172200686 0.5553673070950637
0.6108531071766714 -0.7673108237906962
-0.9716741677812379 -0.5950722991949255
-0.01171608908943804 -0.8870319165037279
-0.5315466111413248 0.8183985168684665
0.4614436229146465 0.7155340990407921
-0.5640702387340701 -0.8054031038345649
-0.28382786244684904 1.0159653382451928
0.8244162331024215 0.6070905478931978
-0.5865672195700236 0.6934626485262579
0.9591597859200456 0.3493951444676572
-0.6834951977932121 0.9300357342109011
-0.7003254426346989 -0.6186940107943827
0.6414492539674846 -0.760568331054144
-0.6226849222243112 0.8942898272730709
-0.07394516057768769 0.7363105354906472
0.6803159820616865 -0.8389721964782811
-0.06350214604902689 -1.1604008011338114
0.3854042556590634 -0.932149521471434
1.0002743798506302 0.37184013755391715
1.187527094821166 0.22378201612205462
1.094070215301309 0.4201754400867169
-0.6567389142550766 0.7358051294917486
0.800926761918037 0.06874290854917361
-0.47372704143094596 0.8667689877948301
0.6937126150289271 0.7226923631664223
0.22781236911996983 1.0892544266000004
0.758183487181565 0.6414849458619712
0.45912583686433983 0.6985257262680388
-0.088785885207145 1.0857603709523433
0.8445072656080843 -0.2535276099602181
-0.03486338656334895 -0.9598284443051848
0.9073956707629364 0.5432846692413761
-0.010513826048155895 -1.0316790735262733
0.6598473672687135 0.7392613858813021
0.7105466179048588 0.38059229730334243
1.0338149640301613 -0.583412898523216
0.7505755768836258 0.5549990668600779
-0.6477626785020361 -0.8384098099009577
-0.7760275149489958 -0.4770388547198311
-0.23080914482806406 -1.096272097114191
-0.19580299438672658 -1.0533685584997348
-0.09536722008789925 -0.9185429906265371
1.0858363426705053 0.41366775948188383
-0.69189121714239 0.97652070150207
-0.5788339047433659 0.835227300120351
-0.6833101351155922 0.6019962206981567
0.881330241992556 0.2892497085138521
-0.7055671210111123 -0.5981767069459618
-0.8201775953061085 -0.6315599531765678
-0.6705137341898425 0.5718015398837195
0.2971911646516879 0.9586681737097804
0.45698549935357397 0.9498120015703205
-0.35960255599237456 -0.803262545141376
-0.7307919869568867 -0.7587765360529952
0.8485436958164992 0.20227695635574552
0.9358066900085796 0.060728335820943675
-0.38588179749227475 0.8018083778572115
-0.5027919477362063 0.9809314727506967
0.851593702420075 0.559666048721792
-0.7788442645284616 0.46211418846099667
0.9704925815814917 0.06183284673183684
-0.12716034571079943 0.8722730171883004
-0.08469236258022987 -0.8624432718767767
0.7723507971298011 0.5321648819779722
0.31030932249686366 0.9205822776680876
-0.08636912546296587 -0.9392638462650881
-0.8377052490560698 -0.5758054775258565
-0.15599930435361437 -1.0805689802484488
0.20277494182547767 0.8476844623718826
-0.6652298175655297 -0.7178625289828009
-0.6975763834644972 0.570810828979719
0.709005043905652 -0.5590200643595227
0.16312043457003092 1.0536283665672963
1.0538595454874642 0.16480708335575855
0.9902894739116818 0.28987677873872686
-0.6064643809322697 0.4754867242723653
-0.5540704509777097 0.8093123717431501
0.8871286916020266 0.32569249733726724
-0.3488251180320581 1.1444758567571518
0.9594479125843713 0.32798715521030675
-0.0302831201307808 1.1299721796825806
0.9757837824343639 0.1369197863237126
-0.44375247173439974 -0.9516865841635858
0.3747743851750692 -0.8787522141737855
-0.8860989816083369 -0.5304284371476479
-0.33768661990221666 0.8104355469150849
-0.8277753866057511 0.8188299656064632
0.364738721079329 0.8411353598503183
0.35228887333019443 -1.0102157477808766
0.3279025672621567 0.7039199910393075
-0.8224957175575953 0.7863253597920057
0.255306651927323 0.9533291568472004
-0.6895450234477294 0.5480858321231535
-0.6655941365667575 0.7799792557045743
0.965217734307688 0.07565981417666846
-0.531343021799946 0.8683356626057016
0.9254393461629375 0.3956698518551198
0.9022289066332091 0.6943738164327564
0.5041770945844816 0.8466709328552045
-0.8591165391693825 -0.5624917028745102
0.9362892643301057 0.2940376974336974
-0.18466663294206898 -0.811092713015256
-0.024254615380222035 -0.9166485293870059
-0.9100555875291573 -0.5492885530796153
-0.07414803115103195 -0.8602535119620368
0.2347710895895619 1.000279865054244
0.42114119824390334 -0.9045194581348738
0.011512312405861288 -1.0182300587643387
0.6126947824768553 0.6583361381119843
0.3687405631581265 0.9067890154876369
0.7769425890203092 0.6043268950813465
-0.10111652930421235 1.006310628349205
0.7151910586577113 0.7469652072552213
0.5325818097655037 0.7704902159193762
0.08203923114201542 0.962088951118183
0.5448904758300044 0.8426575410035692
-0.2199828053190355 1.0867847637844918
0.9837021536171058 0.6466346625462462
0.9464290391666766 0.44548458504963234
1.0385196202610183 0.33117129636754833
0.9324569675804565 0.1840584760569804
0.940744076354367 0.4560260816695155
-0.4233915842195964 -0.9877248259573759
0.4481248785922888 0.939417425937993
-0.11864940082297964 -0.9023021796700592
0.14591658865693488 0.8950736552487445
0.9271114646227557 0.6244056319132011
-0.8031622555984098 -0.5530848594695719
0.4487488523263119 0.941335677913744
-0.12353676091226942 -1.0679675916769857
0.8469798787203171 -0.45838083445910854
0.9825884426828437 0.1453674976920725
-0.19661619368869288 -1.1130534980016311
0.9158956162716607 0.12097824827032586
-0.7319070179042746 0.7170439615696408
-0.518717574980047 0.7996605012856859
-0.4501186952998583 -0.8432120798496467
0.2766596511346241 -1.1116657394019493
-0.24599174100473295 1.0517489335408203
1.1089279198671518 0.06750036428680746
0.9081703423730968 0.6780164432462323
0.29279003112248103 -0.8683941476103543
-0.4462504559396944 -0.9086983018764947
-0.2899529457068241 -1.011575095104569
0.7769028417835145 0.8122117570160977
0.27785592762452976 0.987080287361551
-0.22486727281785873 -0.7679516240412113
-0.005111090829205694 0.9339560230450396
1.0114319605521787 0.7118751596312844
-0.9237156401896754 0.5804431538164393
0.057173063290351205 -1.0905097858208384
0.3568835545186374 0.8518694210123072
-0.39472605393332827 -0.8905635026077026
-0.8218286905956199 -0.6171619524962834
0.6807500721198178 0.7695307450077121
0.7407885027245297 0.5291497187915684
0.030853409125539327 1.052940655830358
-0.7118568772276096 -0.7438647978151877
1.1272402919957987 -0.043226540058243904
0.15880853035783962 -0.7979656084846583
0.7460030284533844 0.7819343672791589
0.10069575965459145 -0.9099800722033331
0.3549444067664727 0.8381005651880874
-0.2698609048141111 0.8952264322044147
0.303859197429089 -0.6746360509118601
0.06381191347050108 1.1007320029382315
0.23923334997270193 0.9269830896663418
-0.17419046918326306 -0.8619240112029096
0.9603554189738236 0.46469104188586813
-0.1165638733330401 1.0124751474247264
0.14644414363876498 0.9866650199257674
0.9024508960163888 0.3773255030759511
1.1049788811934922 0.33765288496075047
0.3698470333436943 -0.8915684186970702
0.030712479839178037 -0.864530503869954
-0.3048938454818129 -0.9330382350619956
-0.32676982220541057 -0.7659498830662561
0.3380133218616929 -0.9838283774108547
0.12292586490003862 -1.0185237888755296
-0.757921517731195 0.7512434958427039
0.20246423984443918 1.0218933699911337
0.12554163403162244 0.9624820889309059
-0.6419816250238908 -0.763862501908229
0.34605901180457643 0.8954038021237312
0.29498079060801097 0.957714739030609
-0.4990392414141664 -0.6265642530859103
0.6095411267567254 0.8069797336502611
-0.6668828394832564 0.865055437927702
-0.8916473857734507 -0.4842112651568691
0.39141032095177397 -0.9593380458200198
-0.43209191668362035 -0.8409613865490216
-0.6498223119956689 -0.7263062129418046
0.48608820229986915 -0.9272642226103878
0.1553426628438061 0.8389915718110552
0.32290052002106834 -0.9452382354195901
0.8450663481660802 0.5147482206364318
-0.2593613627758177 0.9270614461014337
-0.7978798193335751 0.6774672287942248
0.7484166740161469 0.5662790808900308
0.6353241423772192 0.7371119916262362
-0.12835034795862987 0.8461381754931872
-0.3056461691407456 -0.9207171410773924
-0.5763675485301196 1.058123305952492
0.18326727147548078 -0.9408559702322172
0.44820920057963237 -0.958097153989158
0.5660587596185916 -0.9659674902289312
-0.7632259185040057 -0.7185556996016401
0.7505478582240891 0.318998769666767
-0.15995536729307497 -0.9986191878545991
0.3926907528455606 0.8482817375276913
0.9556963190987086 -0.1869941204084306
0.8852494835296761 0.11117408524971523
0.2913254088336385 -0.8479475437304871
-0.8724221603458014 -0.5528379419070147
1.0255717606114165 -0.37969987591579357
0.2173102448241935 -1.0788834751975325
0.36554308098946897 -0.8263764080948933
0.8249322531153677 -0.41245901826616166
1.079442566854837 0.12505651899631984
0.7645992090826753 0.6723073066675805
-0.243875377581651 0.8413013234875413
-0.928333718816774 0.5551576083492645
-0.7133383180158258 0.6292869887265641
-0.23715804048107922 -1.0552500951285197
-0.7443256554193189 0.48569647914092
0.6671868375060981 -0.7334824334450906
0.49037745653431936 0.9015327011183807
0.38910479705919265 1.0527924395542774
0.3212824964419114 -0.7794012750738847
0.546275042801194 -0.5132540824902989
0.06141021437294645 -1.1146360259505355
0.9191995879793312 0.2476348165313767
-0.752070295520521 -0.5163184886805485
0.21772792284394163 1.1148924562969171
0.7253171613864636 0.6451020257285458
-0.7019636301693228 -0.7218177315593265
-0.05048255069052725 1.023897777676814
0.6522092384876953 0.7509336480354768
-0.1812236337113559 -1.0089690647677616
0.8503891851946072 0.7596262131577736
-0.7662083141687132 0.5732992656646999
0.2844094290141629 1.0413406085937824
0.9145157039549522 0.40808302153436204
-0.40378705127680126 -0.9102663126288478
-0.20744326558782733 -0.7411107905461028
-0.5792555012323907 -0.6484997784477031
1.0567133724185522 0.45579235455739964
-0.5456568341299608 0.615598185390531
-0.4363478889642776 -0.8740427561204771
-0.033618125026589576 1.094063741951504
0.3209268499819668 -1.073626940038082
0.672601532709033 0.8401278376988457
-0.7356935186771068 0.8946673132164388
-0.3304543606783751 0.8040117454619368
-0.008261553691786442 1.0750998214612528
0.939752001343689 0.15966315785039586
-0.2274960667371018 -1.1037971988221957
0.3322427839654734 0.8940680523542922
-0.6291545980062959 -0.9379422430328317
-0.35195379902359814 1.0406005609129736
0.134282742161375 -1.0503433936841158
-0.6214017905310648 -0.7267806674728661
0.8785414372728159 0.4401524853447233
0.3661211956147932 -0.8112821406177846
1.0170656779858873 0.499660047692104
1.0321226139485187 0.15724707009336547
0.634072016892318 0.6209497505217108
-0.6513029273102477 -0.8294875029836266
-0.08455914665710718 -0.9196413428383249
-0.11450474514305745 1.0318427051114731
0.24338199314533215 -1.0429684121945921
0.15913932012665716 1.154657387729789
-0.4510622221463821 -0.9569314927732528
0.9771386877294506 0.08635010145235045
-0.8455430387706282 -0.7114534405137302
-0.7264838040090965 -0.6408411383476478
-0.8741684285858251 -0.5587514212430693
0.020545564685894007 -1.1085466868257077
1.0665191205453306 0.18225764107511241
-0.14266049779179862 -0.9778828561158774
0.45144511657451697 0.9821638557129221
0.33679961914703005 0.7920253202563763
0.6401088788832934 0.7788736405081126
0.603900867589659 0.7524576473571631
0.8633268952344394 0.19817153760778516
-0.19998657759880578 1.0715516131975837
0.6650096919329486 -0.6405623191873215
-0.1310038430027851 -1.0112932804663006
0.6343801945484554 0.6491961651820839
-0.8851182156987832 -0.6510564266051448
0.05972355459875933 -1.0216850930557766
-0.7132577479575787 -0.7449773813375341
-0.1491380029466084 0.9807803168637287
-0.3308907983570425 0.8706899123756596
0.9217242282910603 0.43369896274235414
0.9333210072531742 0.5755685827843907
0.7741012287660762 0.7310662423534923
-0.6426138247011816 0.8211461808009359
0.0924878962852083 -0.9869933747918032
-0.7890721222853994 0.5880747893952344
0.8393804471779085 0.7802439119825006
-0.66472618628856 0.8400168192231797
0.4168955739060275 -0.856807735889987
0.9064480713761159 0.25144820718020283
0.8113180062910202 0.360621830390907
-0.4893296035226219 0.8991995633174391
0.259693434079007 -0.6795140050208746
0.36709239714683084 -1.0819374302364255
-0.7689789395275234 -0.7407209785946567
-0.6888790687739176 0.6672007321131195
0.9083237409836001 0.39046466791160933
0.1618172003964538 -0.9409484421635315
0.2704122860054066 1.0315888601748642
-0.3580047343097694 -0.6934654326680777
0.5072235772954531 0.8332650823543745
0.5191885732825353 0.9425935250495489
0.1930209081963561 1.1584913038413165
0.9746005577567287 0.5979690058701722
0.2691178305751595 -0.9393135881388469
-0.2932171204966148 -1.0100989764972697
-0.713477796709042 0.4520134061129148
0.5930900213188562 0.4994287673194778
0.7290884055609409 0.5419502540762062
0.8182574242906154 0.5539932655036821
0.5568077118496418 -0.8203415936311537
-0.14580822090833817 1.0217528111207081
-0.596631035673379 -0.8726369392904003
0.6419636444570662 0.5904099938856782
-0.40110913615574595 -0.8143529267275146
0.5782397298681262 0.6932739548076818
-0.1333998994812045 1.0372395349835102
-0.7935669648136675 -0.832250544261511
0.8164113948246228 0.07896380876643008
-0.09947735740596006 0.9758953474131269
0.9214921630324182 0.29300721547268477
-0.8869120296239391 -0.5215693154874071
0.7724784441202751 0.379878165185112
0.47811441298140217 0.9205526266278589
-0.3910270223185576 0.6650511926255989
-0.11491930289182269 -0.9210180358533527
0.392624688387505 -1.0291111797439423
0.6296476491941874 0.8222028817326061
-0.08436282283969222 -0.9806077485605988
0.2061219270195749 0.9500252907293616
0.24083102548463686 -0.9124940768324444
-0.7065973325894968 -0.9000198428094367
0.2787366695150129 0.8236057591251648
0.29477256600787277 -0.8092938608905265
-0.549619983683646 0.8053382498069148
0.00439286285293831 0.9321066881543899
0.37732237298846816 -0.843696477311371
0.09795335362205604 0.8522618088374315
0.13468912347553247 0.9137315559935918
0.258176619793478 -1.0166700117326735
0.6550171468673277 -0.69839766001044
-0.42937022544782055 -0.7479149492412099
0.19699901470667025 -1.052737284959266
-0.7597324050436782 0.5249332257177589
-0.020121788214015016 -1.0638290440004343
0.24284873821230574 -0.875737052395728
0.942182684773099 0.5240343540423061
-0.8990744737377331 0.7754272789274046
1.0546899369935265 0.416865608494005
-0.3429309094316152 -0.9136937795813215
-0.8404471654339565 0.5734586557505458
-0.15258599427874506 0.892378751002411
0.12599371059159445 -0.9256427528437113
-0.4059998654583445 0.9524756409045019
-0.5821454455484613 0.8862377136235879
-0.7954101116590564 0.5092386045960317
-0.8122475285987094 0.5221410871074531
0.9306469128932382 0.620993173506985
1.0189100181815758 0.14466512728561862
0.6637012438405157 0.5504097035216896
0.34591701239638367 -0.9056400018553017
0.44881197707086185 0.8299635267404363
-0.8020976701535076 0.8026391517040427
0.8630487222514546 0.42869226204946104
-0.2671315870086385 -0.8165597375585664
-0.17906579634657435 0.9186250235038836
1.1148357049700135 0.1277062560835616
0.7658349914126618 0.6775421030733183
0.9943429661187599 0.3080376512483472
-0.7800082645322076 -0.8851595952883888
0.20486124694285748 -1.0743606837276862
0.3195477999227457 1.0538589661390625
0.1676524985242965 0.9587393819533212
0.5198109971860249 -1.060213890357159
0.23635524627904095 0.9971341763984555
0.020078208074570145 1.167389075539582
0.29817541083241067 -0.9430625538788286
1.2073846289730947 -0.04845593721402098
0.8669005293011255 0.30345350207966576
-0.9374020045121647 0.5723086145595947
-0.5140277476783056 0.8774987331703991
-0.8729853837851391 0.5421944359305868
0.9132495568126677 0.47262764606721924
0.5386046807539048 -0.8132218516227858
0.3428821719296524 0.9420021322064889
-0.5921191432043531 0.6999752860673929
0.4663779240232684 0.8733430965946867
0.4766877814785107 0.8748631161739928
0.4047280635218937 0.9891878018518282
0.9212831384858465 0.22087385359631648
-0.4966266141216636 0.9185850249799757
0.7970787424801046 0.5755435090751728
0.8790729635025576 0.37797092911731656
0.7018015947071625 0.7696469978987814
-0.36568699161283175 0.987063436340154
0.3702538225827251 0.9906472195323631
0.6979703700950602 0.8651451793269296
0.710205476936046 0.7176890763431576
0.7736114734465906 0.2875721585970632
-0.27590190227218425 1.027559026140197
-0.4988698923351177 -0.8365741403088172
-0.8318542218704378 0.810696806129105
0.5374143361433517 1.0283373653024592
0.44020103931248517 -0.966775711954501
-0.9574504413705124 -0.5942689897929241
0.663284128889939 0.7449064015151704
-0.7330465346606235 -0.5105226328186897
0.48768043759848206 -0.8552175365689918
-1.0920420736653436 0.13301558425365514
-0.034616533847321766 0.9653319907475101
-0.7069363351041006 -0.5890249334699166
-0.7398995666773185 0.7272436693847248
0.41894259782565274 1.0036176958489187
0.9951326531984479 0.2938082245106083
-0.41300380109256407 0.845232917147648
0.8226688732824431 -0.8651557434188892
-0.46727973124998046 0.9322932253532007
-0.6841253097121465 0.5354135240717746
0.4526986086431152 0.8021114919138502
-0.678113134594197 0.7215240384980197
0.20248693507209362 -0.7786841436601062
0.7795506262975581 0.5104893351353926
-0.7930030086040394 0.997593463446104
1.0831307677997126 0.26275225077527004
0.7696018303485027 0.39107191564995913
-0.05399451712338645 0.9862430023782683
-0.7796678137938723 0.5387726887997254
0.3429167766942988 -1.100827744061615
-0.42304557092252276 -0.8157189249248161
0.85250304184738 0.280209617935288
-0.03811317315233819 0.9393607464241954
0.3629526972412277 -0.8974681407471182
-0.7948164480321789 0.5706380710314624
0.9032437672666886 0.4819509961490767
-0.17739731215167517 0.9570363708351395
-0.4645696756855092 -0.9188202166856833
0.7756088281748358 0.7101576814944071
-0.11404502078376394 -1.0195971195169442
-0.5855988302214015 0.7120158021109922
0.07904637970790981 1.034525031855612
-0.7248547440810512 0.5184231522480653
-0.03436357050514911 -0.7483990178029544
0.9465008527903286 0.36276296892106724
-0.6772922330860242 -0.8243045536310702
0.3676957299813069 -1.0179377969691383
-0.2962665857239522 0.9409014575068161
-0.7445864309684885 0.6810911252834411
-0.49511094458533567 -1.0008905161468937
0.5475663096167688 0.848557845265795
0.8192190467952634 0.6954656822935232
0.36665933209902324 0.9029564225432268
0.6508055328681095 0.7639074634376631
-0.2523053767217183 0.9210247832148262
-0.14563692544109064 -0.8027034495942794
1.0569577651162543 0.06376550475306828
0.8585409038209789 0.5006785559410789
0.4562890625775443 -1.062271956238988
0.06830051628972153 0.8397511360950067
-0.3418419626460305 -0.9346345206754382
-0.8003331636509412 0.5691516833024115
-0.2798328640387643 1.008133081188261
-0.2602858923116588 1.044324129260682
0.3567796175444964 0.9710458566501925
-0.8028951272370273 0.602729153178892
-0.005856491660476899 -1.1695729224426286
1.0840357550524267 0.05494213964439682
-0.3161166572208091 1.0230203362950891
-0.9416805154115012 0.4071006223634806
-0.9225721187135846 0.659863853341506
0.9137612071516134 -0.6237733612965775
-0.7092090597090456 0.808760574957325
-0.6352503811081395 -0.671730732768989
-0.1184302165911111 0.9635333726154598
-0.3427899319579073 -1.0532166297402603
0.6282683850219637 0.6799001298564123
-0.3837126913731452 -1.0279026061201997
0.7851943154848934 0.3718436658343826
-0.34149343930006326 1.0154771612098168
0.6661333186150411 0.5902850468664902
1.2135566258896195 0.3349762016952562
0.9655726569462184 0.2817381432339029
-0.38491444261486496 -0.7389646395058626
-0.08110610126203796 -0.9798804597299189
1.1531787385145924 0.42211989517818005
-0.9018643410804345 0.5222549316712931
-0.29579643993837 0.8485245665402857
-0.3509886296391094 0.9398087505915859
0.9056332316307203 0.32437715275666357
-0.8836249736966335 -0.6454479477461675
0.6039123933400244 0.6614168950396773
-0.8315108381816528 -0.5104572156617257
-0.6713997000083443 0.47784142128811197
0.23785400793748518 -1.0128607183598466
-0.20476149287822804 0.8855294143760082
-0.8279583866489438 0.6508163412172963
-0.42254368251975666 0.7707545999525144
-0.36525488366605163 -0.8940863960489617
0.6540217483131784 0.5087106082531576
-0.13877244582714035 1.165896050705021
-0.07374010224197754 0.949328212891985
0.8058364052353375 0.3093275086671646
0.30051942527307574 -0.9837566923759987
-0.7289906629776661 -0.8580863682802244
0.14737468015749244 0.8729587404119264
-0.48829176041946526 0.9116121488370931
-0.16950393985553663 -0.892024868636135
0.9717740667885386 0.4238017849963467
-0.4816004007307011 -0.7871902067089415
-0.24555823032490287 -0.885814360039729
0.3129581448495689 0.8890973056200363
0.2915627415453312 -0.9028415568239336
-0.1673780430094496 -0.9078982208040246
-0.6829769249290712 0.5277677203307289
-0.6058491139123606 0.7362847050989091
-0.7297676527282851 -0.6865874451575218
0.4087649215372782 -0.8820643352851213
0.24423283272244276 1.0267414577892235
0.3707860802186184 1.0185879732005472
-0.5747423845928321 0.8207502573983687
0.2520831392617825 0.7817899765799684
0.9866043279062328 0.08710456979373417
0.17584939221568216 -0.9045234769873175
-0.7092756686169784 0.43726310278229924
-0.34745207695164126 -0.8387673341768626
0.6584603765566436 0.5500133111660943
-0.7569298358281744 -0.8175744721951925
-0.12769572538151802 0.948938894320325
1.059377716320061 0.01949611543008478
-0.004143525822467009 -0.9605420123948513
-0.36375272350480353 0.943964266867882
0.4101643040368162 -0.7767319077560041
0.6711024560295173 0.6757181687589046
-0.5134276798886448 0.8436022015843901
1.2372884253295762 0.009741446423700983
-0.3921009844994648 -0.7135783534356793
0.06683861097287357 -0.8924336237968362
0.9256622515843601 0.7329566054589821
-0.6603267399280709 0.9554182281095158
-0.6415839317037285 0.8849669068119715
-0.5449236824978868 0.5403358724900184
-0.5107423926491259 0.6843800092224989
0.340610116646765 0.7889577766953741
-0.4129228244621136 0.8463460423893001
0.12638362651887589 -1.0165225562341351
0.8634175699399698 -0.6244745514739275
-0.23820361518424418 0.7914482586191031
-0.6914582478834366 0.9021246296526227
-0.651450847748188 -0.7757544176220844
-0.5474329145959913 -1.009468811219708
-0.04822674507433126 -0.8796614406593163
0.4759225569381692 -0.9874922409400997
0.524733477196077 -0.5693103210996644
0.34595747857494896 -1.03609305000326
0.7217281275110647 0.7724161352686173
0.42494227422428327 0.862021467955415
0.9586721388196139 0.07488568404926907
0.18823522451942287 0.990402765301109
1.0945838741243326 0.07425219343835873
-0.04569066584471459 -0.7547309744701198
-0.3140295639966311 1.0023723868120142
0.8489405961392067 0.5224198569544836
-0.44187035384026907 0.8363791457897788
0.8185102526959064 0.6502240766771398
-0.8645336501536853 -0.6090346882446469
1.0096257198852912 0.6173017671206323
0.9172146788996632 0.41503493550094134
-0.2894273221878716 -0.8999675905470441
-0.8295953389804761 0.7206911899449279
0.3328367987300875 0.9977952071757468
-0.887202992579497 0.615163059623503
0.9359260507970328 0.4593284440840768
-0.03989641858817264 1.0437970600647164
-0.1833691972424568 -1.0312330071540117
-0.43201567615807446 -0.9348818945200856
-0.14412802137727485 -1.2349376208380076
-0.5191434103734651 1.0546790957566694
-0.7150039451344229 0.5430040789711562
-0.37435052326228113 -0.9010338950302951
1.0886747460821913 0.11955587354002276
-0.625784370063366 -0.8974146092764951
-0.6050888080299103 -0.8039817614593361
-0.4612842018668258 0.9293779616876235
-0.7594978624809525 0.7048656120831138
0.9345409062063056 0.07895220838059278
0.5303053016592535 0.8722152243151958
0.700956629575544 0.7427697289817402
-0.03507477707118899 -1.067434503218964
0.24528140601994158 1.046527451958383
0.1010906338124442 0.9329842474631937
0.676237749221652 0.7804270970971423
0.5340459690341324 0.8232364854659002
0.9246127270101923 0.4223961684008963
-0.7496303344475318 -0.5603367642844298
0.35222563855808053 1.0637639551977813
-0.5857323744240054 0.7422338835157652
0.2710919329695787 0.8981774217188642
-0.7359557491963614 -0.48600168714761754
-1.0238635913770433 -0.641701575251339
0.31889330431818436 -0.845575104458394
0.6558372469974706 0.6059154541694731
0.6514897463152948 0.4613170719005839
-0.16662765642532423 -0.7636043534836103
0.13392730081744875 0.6163779030660387
0.5651326707509159 1.0420277659735369
-0.853034464088848 0.5259132487084037
-0.0010833850051330841 0.819108955118651
-0.8016000159605953 0.5721134796249684
-0.34036218075121233 0.9755952775035573
0.10643594101576401 0.8937281064205124
-0.5598418781919532 -0.7129511231141265
-0.29414426662063914 0.9036189023158117
0.9617002294583964 0.4567904036272768
-0.1874746236216407 -1.207243573334693
-0.32985119983659833 -1.030867142853183
0.07476921741142863 0.949114165703228
1.1432956362034137 0.051447163771498106
0.2415509008868635 -0.7791369037097822
0.2409745014006464 1.0198888563315192
-0.5816886431083431 -0.7866089239117748
-0.5261722977300778 -0.9550500169294543
-0.41003193971359486 -0.8572072562701749
0.7727161704758757 0.7178409073532831
0.0031734621502698553 -0.869143242972152
0.8959760685767763 0.4753651298400879
-0.5973310895253622 -0.672452851075873
-0.31978891041938945 -0.8440772907243166
-0.29888482834115393 0.7761412141128996
-0.9595264297744974 0.6133445950370111
0.9863854038170222 0.48453966976473584
1.2071939486397953 0.03234632109038336
0.34046267668091984 -0.7953701793099792
-0.3875476099996453 -0.8522243073155905
0.998395999900414 0.003145662139521652
-0.8172428947092042 -0.7330675287099899
0.30672521423886234 0.7803528330678196
-0.4500508987218422 -0.85310991813931
1.0214368145665365 0.45145147111754796
0.05699430843926495 0.9409814456959598
0.035198807370570746 0.9475262145860125
-0.27482693267044156 -0.9840127472041793
-0.42652318064018785 -0.7503962500776131
-0.503204397540078 -0.8199091106930223
0.1131232551462436 -0.8967002225945057
-0.09826264911822023 1.054383715769547
-0.5448551279157363 0.8823269647006889
1.27747908790388 0.13372538738480255
-0.8910461376161425 -0.41931202760992536
-0.5716433926148397 0.7992485405538583
0.9750641517540083 0.17133525581909437
0.6627153756494468 0.7415134411456101
-0.6101964517952089 0.8305612814356529
-0.2834573969399247 -1.0114072046233273
-0.21673199626355455 -0.8652571490824695
0.9807279109850203 0.7144823053607348
-0.13781949065920385 -0.7782456812835788
0.2821608983737468 -0.9598784098669708
0.66817886730208 0.690999041399795
0.6250669531133692 0.8128770931246347
-0.5521929542307292 -0.9678491024280043
0.27214386554100234 -1.121206736239833
1.0168297348731186 0.07065964793303292
-0.8044954395843311 0.5462324916911068
-0.3727046310639671 1.0311865077818347
-0.594785738733161 0.6976564439032749
-0.4584284136955947 -0.8708905536881908
-0.30298142754462504 0.9745220094576708
1.0131643695389732 0.31731081666148986
0.4189044899968662 -0.8810352087212668
-0.8022554976897548 0.8628517961076037
-0.5395665980729497 -0.9839933064178306
-0.7676485352265585 -0.5466888614627913
0.1645613319860492 -0.9719129307540962
-0.3770939448323922 1.0547147089900362
0.572711164484569 0.6783091205708335
0.7641798159677491 0.8198917342961308
0.9360581820646147 0.059337305941333046
0.9821149649935997 0.45761778883710263
0.3259544200423818 -0.7917610165805231
0.5561220262879905 0.8783084444554322
0.06588278796779512 1.0580513460191412
0.72636814422144 0.8081978775815137
-0.39797375626470943 0.8706792606473229
0.805751824050416 -0.7101413373422769
-0.6465811051459222 -0.7551078181750456
0.0027768892673166092 -1.0313891952063134
0.4745596083501523 0.8179187638616148
0.5486348117789045 0.8829700276177632
0.4627405995785628 -1.0029129237374175
-0.30170010468891884 -0.9509889652368421
0.9981427400803737 0.23127819249989345
-0.5062634083520525 -0.6750222079769383
-0.1959765051215283 -1.1459251328651656
0.7734634572800038 0.4971520659805833
0.6895359402263863 0.8481856110697282
-0.7726335497426685 -0.5854738527133859
-0.8487244793889416 -0.6774381028800336
0.11968016023933925 1.1482929006053129
-0.32619843089647793 0.9384646500808439
-0.9094647947165713 0.6256645356206544
0.25036002599869345 -1.0576055031541158
0.7769221416039743 0.5218555477196313
-0.6880850478550306 0.8570029519250748
0.9198654894985856 0.09081460474801158
0.02947194835995133 0.9211108425327612
-0.20045662539233516 -0.8942728429224756
-0.13444054936150632 -0.8383093008962283
0.46573781809067843 -0.8805381555412309
-0.7944708344443044 0.7664284388852914
-0.4325694935714931 1.0298605374178382
0.9567607059892212 0.6505173952912988
-0.13215203966223416 0.8687300945280332
-0.004582752525505809 -0.9563348150708991
-0.31268976987197017 -0.8012195752158594
-0.565412269241521 0.6556570536084172
0.31300826326938697 -0.7715880319823315
0.6428863566063648 0.6636580867084801
-0.7581190190948254 -0.47295707009726934
0.7888180954463136 0.388678346795408
-0.38777604017732503 0.8790585262058163
-0.5398360927591513 -0.6868992085186725
-0.7480667452407415 -0.7571940397325777
-0.29735523296381605 0.9870645270899827
-0.7298655162256513 -0.5525046459292772
-0.24402154459515393 1.0447316939819768
-0.023843775382372714 -0.9745429252261244
-0.8249727308468908 0.556917785749225
-0.5819735602025173 0.7879312378796006
-0.22805980380508786 0.8551646078538564
-0.7768262043896926 0.5111179604966823
-0.7748284477720578 -0.3886842389437246
-0.8262901193371568 -0.5018192319748156
-0.002984244042386353 -0.9696583336570003
-0.47136638390553787 0.7716230841710832
0.9023022057594885 0.5159341364324679
-0.37623006224168165 -0.8100926786518808
-0.22942331046636574 0.9687197538493232
-0.6148099160965101 -0.7516725794003353
-0.24319705049506682 1.040302414870218
-0.6396707073377441 -0.8569306943414103
0.22931974181970272 0.9120411649000754
-0.48294044548882054 0.8555770624850189
-0.16796088722655997 0.9942291531817196
0.7887867393013074 0.6334451755226638
-0.6242037936400265 -0.9476331970723769
-0.08531141091069007 1.1051357641266104
1.0999839986201811 0.042052368867414806
0.23251939384652814 -1.0072020439650267
-0.29801132283669457 -1.1534916504071804
0.4501614917625938 0.9520820172250188
1.0259223172084404 0.18864447800746537
-0.8544785085822808 -0.688087883007554
0.29590157176201637 0.9919331439410564
-0.1257921843377517 1.0627702084696191
0.3581177042452739 -0.8081165661476902
-0.555107573012892 -0.6923546864421732
-0.33184092255297337 -0.9539388096600879
-0.7116197350202172 -0.7444459993188806
-0.551287788534492 0.8635317627032336
1.1107382499830158 0.184281096450954
0.36150666095672934 -0.9506493953710581
-0.4183573154335306 -0.9305204343556792
0.30508440212703664 1.0696830820824155
-0.8541356870455434 -0.5860491784086362
-0.15818185604785642 0.9939102707503542
1.1354167545612406 0.11579282032214766
-0.7614714674367146 0.7753402217007933
-0.2810887661273578 0.8758181805602865
-0.32879135021595063 -0.6193404119405785
1.1531558625324512 0.11435304622974782
0.7314951060612193 0.9125632518732036
0.2326156310723113 -0.8373701572871759
0.3111864999975083 -0.9857612472275987
-0.6761813921263079 0.5390404235268573
0.7242479719500374 0.5278949460081287
-0.8033305628809128 0.5606769580885824
-0.5401320271196611 -0.8276555087857808
0.34795843557778317 0.9729960159804332
0.7343452020059026 0.478440188966754
0.5209338417174202 -0.9210767247213877
-0.19184388876435632 1.050265903300867
0.5747433578392545 0.8742206697884245
-0.7235855571265795 -0.6557551760308947
-0.862883500685389 -0.6445933390700256
0.3657664967032437 0.7963804485740913
-0.01647691656413241 0.9839425249019601
-0.6064958193576282 0.8044991547582588
-0.6646772976706623 -0.4762991313393123
0.048539287372888346 -1.0165268457485637
-0.7136521643910526 -0.7561846530689553
-0.22073484999401988 -0.9521935624409724
0.4450009718161549 0.8951624817337949
-0.13146495928638957 -0.9053400228317908
-0.5822364039803726 -0.7586371044272154
0.22057858976652767 0.9723900875001102
-0.4525602631674649 0.8751517446577701
-0.29070050736735736 -0.7376435814144736
-0.4899117083416878 1.080195160169932
0.09559743083351757 0.977957558212541
0.972050957654639 0.15317219669464718
0.1810533404233822 1.0514413371255669
1.0246447131790921 0.13956671335166235
0.5919341187549042 0.9058723580523914
0.3092272283764021 0.9916485223925868
-0.623588452712336 0.754408536022844
-0.806333383010557 0.6472115950247296
-0.0436107773025781 0.9401546410007481
-0.9633208915306615 -0.6120016061450613
-0.2504756623648617 0.9331862966127036
0.9833947975514932 0.6191498710370369
-0.5931570379630722 -0.7516818933406483
-0.7213435722293171 0.5009300122936922
0.8540446320088945 0.5793298265945361
-0.29944390667816345 0.715065726017473
-0.7271382126688487 -0.5591360006356602
0.5032039771938098 0.9739055668142231
0.031049731482593827 0.981369876260038
-0.7079593455398439 -0.43278655894766815
0.9945694095131796 0.0664554871403254
0.4347080655826161 -0.7683106647699348
-0.14261282879325032 -1.0449494456418507
-0.24509594281073857 0.9833440438324227
-0.028473953241839347 -0.9630888571851474
-0.5973785023837 -0.8290686065675937
-0.8519209037698681 0.6548786581918655
-0.024261118985772254 -0.9440118391283322
-0.3235123378804184 0.8205336489745917
-0.31188595633954036 -1.0784089146613234
-0.5594870897300193 -0.6967898141230362
-0.7029752249859299 -0.6374376946585774
0.781113274262215 0.3821035830713507
0.9363789233593411 0.5467345467221595
-0.33289838756226736 0.9409477398617603
-0.2899923370748145 -0.9842919214225948
0.5098518381103964 0.8478769329545288
0.7497937013061741 0.564110269035964
-0.8424747341068562 0.7547380710414858
-0.4309808857366796 -0.7712136462221593
-0.7756505446499009 -0.5919661982990768
0.5685058182564023 0.6467858259104231
0.9307703588296334 -0.4807802477303272
0.11103988495415458 1.0274091417985498
0.30849894072817163 0.8613211734614834
-0.708395213981412 0.8585080133350766
-0.10834045059636642 0.9558202134611948
-0.5063831917409506 0.9448367874454573
0.6297581365431321 0.8477941187881108
0.65979244996219 0.5180246774633034
0.6230944038675306 0.5962608203976332
0.9186749502486681 0.2785523050934091
0.5599218961807809 0.6360322547646913
-0.07533524574957341 0.9451280987815427
0.38367139127881905 -1.0246607637531242
0.8200351138815676 0.6043814095459812
0.3931547019981335 0.9309748338116256
1.0174676134176053 0.20278005889654332
0.909637403382971 0.33932500860663706
-0.801111664976767 -0.5636839094915627
0.7685256403276619 0.6049761043663234
0.2464848526781823 0.9160054247121847
0.1483229881218852 -0.7441032947341242
-0.2258274880509297 -1.0960801202094894
-0.819113421498329 0.645660257478626
0.9441652847268643 0.6631516752395469
-0.3140156527839497 -0.8788824016655474
-0.5923821198525753 0.6771127112242175
-0.7610200745774963 -0.589554828471395
-0.4433863768905776 -0.957054748815265
0.9865540877376935 0.3299913639432318
-0.02002509747393347 -1.1852083145785675
0.13399827718661522 1.1140967596625337
0.19155745250576672 1.055394851375255
-0.26569794859415236 1.0184123860711392
0.8007002576068629 0.6988146535250389
-0.7107202317208509 0.792105728684694
0.10411654296942177 -0.8459954463668574
-0.22785380997272034 -0.8678502625078697
-0.7291694315021822 -0.6897087625672932
-0.6058477271398977 0.7182514673423986
0.52579762116407 0.8432755131850656
-0.25238850162531984 -1.0572169297539962
0.943632064113314 0.11018995948874614
-0.9152228841278569 -0.5798996309104345
0.3597258060158483 0.9613080722437718
-0.7989456768604402 0.7545212393213981
-0.022521538453945368 1.078929506871072
0.9389052456197694 0.06091528997899301
0.809694239207441 0.35288854788549795
0.04194726785587739 -0.7987613781287336
1.1451896010130718 0.23280075650975157
0.08846063082954125 -0.9462477077811104
-0.5146421803861895 -0.882590771579021
0.2054545348483136 0.8193605022423318
0.6379761356668834 -0.8768716293512617
-0.5166827580383107 0.9372597907014347
0.5796144863154697 -1.0643556717068654
-0.04399447417013183 0.8655649941100638
-0.7517384367958195 -0.730594090714821
-0.6805474132142795 0.9763693494900636
-0.06688360209996128 1.1510966293314289
-0.5745405371199349 0.94638080052809
0.06929150415560183 1.1136283202677386
-0.510658582882455 -0.9497619220149521
-0.3723105613747127 -0.8398703940374317
0.2085869547028382 -1.070163336580972
0.03854827493237916 -0.9599216012933112
0.3296475608827485 -0.8721104372458561
0.7390261941634598 0.8468712921248792
0.059498918371944584 -1.0428214711619583
0.27574051032148794 -1.0421561455023778
1.0526239783241587 0.2651405289572256
0.9130053952474934 0.3182693557171981
-0.35342049220270333 -1.0039975729847035
0.3159484837683984 -0.8423194378135522
-0.8527702570005721 0.5570519470291126
-0.22337688127975325 1.0435287842125658
0.9021712905300726 0.7376812613961502
1.0171403152636087 0.34901703405854895
0.6084764459206511 0.7634995933028401
0.024715020057974567 -1.2045523482744833
0.4346624579473624 0.870370391068385
-0.12004638974669857 -1.076670076585568
0.2384737093933438 -0.8996899722272722
-0.4820397809609226 0.9510254214769124
0.966767597640286 0.26151882389925596
-0.2598616216369366 0.979207475539357
0.5812822479488216 0.8024646900989675
0.4265071291574702 -0.7884140566428345
0.895692247651717 0.6222913090883451
0.6551139515721108 0.6824847262575587
-0.6913333375136765 -0.7146097201375791
-0.10508555923584754 0.7568475834927783
0.2911501942914693 1.1030142668743559
0.7590844748783105 0.5505540949349544
0.9599827675558512 0.17946715174745762
-0.4759743598348648 0.7023853485261679
0.13486516999981837 -1.1891620804274523
0.564896560358069 -0.5750683548668176
1.186528233918346 0.24962838555319722
0.8671101605775066 0.475796736809014
0.24761739021936024 -1.0229051526708137
-0.7361199260233344 0.64571122359607
0.7789632907615096 0.5725911404617688
0.6692932062342841 0.7976271866632296
-0.1624971904062017 0.9188202336372974
0.4740925310001811 0.8128905940358019
-0.01296201891155364 -1.1287835227419492
0.7567612195726715 0.7312816820454134
-0.6642289675377047 -0.903652196689518
-0.7176223605779012 0.7400363394527595
-0.40199709744529566 -0.7484008916641105
1.0119337975818503 0.3990316763049562
-0.3307761384577351 -0.8490036777061323
0.06848519381182493 -1.0701457132781873
0.030183935231278994 -0.9113982559668671
0.8526829863302703 0.3237569944620011
0.4463956082687278 0.9776249250299679
0.14605433403073403 -0.9146548396916742
0.04608531753630344 -1.0990146911435144
-0.7109213610891124 0.7687745659798862
0.8387990555457483 0.5184427643061454
0.20690613222840268 0.853138167946384
0.8577267068377944 0.1651655979574429
0.4464620315808436 0.6070992798340116
0.9600627763124879 -0.05194666228032374
-0.35292447907409585 0.9623223446053978
0.8832587478900402 -0.012338168591477367
-0.0392921129545789 1.0223986780281806
0.6160733358888928 0.8108953774534239
-0.3214799181278263 -1.054772026791703
-0.7651319939803412 -0.45516210160208737
1.0424607328002247 0.4361752101644769
0.5060098236769963 -0.9267254231883946
-0.6415229752336156 -0.8179101863604549
-1.1521647574930112 -0.008813552364886078
-0.8786700879394791 -0.907245277551629
0.9444691001121999 0.49007897901473496
-0.1765466844684255 -0.9442051111909036
0.3444333003149902 0.8881163416497795
0.4731432947638407 0.9155409758172491
0.1684525395026251 0.9112800810924657
0.4083921630678522 1.1126245803795494
-0.24423247716844435 0.9333453171307283
0.9190904493137152 0.14369017322301283
-0.7132302025994229 -0.7687390263295265
1.0148572400183848 0.05822289269232451
0.6079060661692747 0.8731751709089536
-0.007892158926865692 1.0655504056168965
-0.25355005161732114 -0.9993782719499543
1.0215662616706682 -0.1358566915747116
-0.5781189074719039 0.9480195168406816
0.31416065152674094 -1.0881076159321759
-0.05230969371083312 -1.024720094517536
-0.4765979739897528 0.7935099430020938
-0.7220593395165811 -0.977324717133624
-0.6574919851318588 0.7658882158711112
0.19361163609378598 1.075485115062756
-0.746432327529282 -0.6842224559139237
1.0831857288765716 0.10597118654337898
-0.8288439574340191 0.6030908891723484
-0.3325019809379764 -0.7879554326177975
-0.6922461495872378 0.8511874776258904
-0.7085096347465052 -0.6188214713105543
-0.16096900730503624 -1.0355375110902312
-0.8632387888414285 0.6387193633050655
1.0297598017279035 0.18032625261528043
-0.3000106307644312 0.9228054178251045
0.569835727416786 0.628961870228483
0.8501438061958436 0.8568406386007507
0.8401557224627657 0.7536466827682965
-0.5544540383557259 0.8758599947797437
0.873158272542234 0.37796295443977174
-0.5358638563082143 -0.8484541246527055
-0.7224701049098425 -0.8036508601463043
0.4410605121922695 1.0552054989511281
-0.14068101500236954 -1.1134666393099575
0.4636202320707297 0.9224883159224063
-0.4666151259312952 -0.693180467004184
0.23324288902845883 0.9242834051097119
-0.7684714318136782 0.5531012170244324
0.20370072091641817 -1.0097771019920743
-0.19049867247659863 -1.0084444651684907
0.46326642369371834 -0.900410547353068
-0.5556519668068893 -0.9431252119407721
-0.5530346592814743 -0.6921734110070291
0.4671893502510317 0.8449680667526843
-0.060776532503274944 0.7891761163417085
-0.3668547088552827 -0.947965550160287
0.12521814885633878 0.9629197761576086
-0.1745576820680948 0.9243045953152489
-0.7159914641795261 0.517804567901372
-0.7131833618199015 0.6667947436647353
0.5599451568598599 0.6835090492921364
-0.7462520828759608 -0.9150054969896083
0.20935437737229384 -1.086206724768564
-0.3521530676013254 0.5514625617065794
-0.9552921881507913 -0.5075522346892212
0.8739702115792329 0.2625496715796683
-0.7552982479972331 -0.49544336953448764
0.08332914146356737 0.8155408843240574
0.39812607636310904 0.8652952757279414
-0.8490494598791053 0.5104160985790424
-0.5220882310549149 0.9812530543759292
0.17306225552667184 0.9516501834768462
0.13745855016475267 -1.0348810587120543
0.6107358300557774 0.6422920347988881
1.1603091614623617 -0.05394065586710994
-0.07471563577403711 1.1920939570113274
-0.38914772269536113 -0.7959289681452626
0.6928934351251744 1.0338421837233165
0.14551972155721413 1.165910942929501
-0.7600697084901951 -0.6912804740201427
0.015117985781583783 -0.9258102780046321
0.239628025148205 -0.8951176973908295
-0.7258094436296239 0.6873949128660123
0.15956480484496607 -0.9228553967936552
0.14602102192279073 -1.1809184363681247
0.004029549639712184 1.1106463991812985
0.8343113530183303 0.3836421979253335
-0.8229768219026291 -0.4777571124752189
0.0014051331277711847 1.1397506930738919
-0.04628798868000454 0.917727188901058
0.6916910703663667 0.7634461864932961
-0.604353536111153 -0.9404191482495147
-0.08087530753508576 1.036114373842022
0.4772983052425404 0.763070964110652
0.2816154060798105 0.8707704953853677
-0.5738516633430469 -0.9069358254507583
-0.4532693753707077 -0.809991069111678
-0.13093987048749253 0.9036790020474169
0.44262241903575905 -0.9889841082361357
-0.6387964765635478 0.8471889399093432
-0.37900868198221616 0.767616049642571
-0.20062910708875067 -0.8571927207917289
-0.5052746602001333 0.7404106125406228
0.9614188547924679 0.459990771774379
-0.08223710479185477 -1.1410253777936608
0.19087134208960627 -0.821177400917903
0.8319696209037688 0.07597995782383343
-0.8816621820286643 -0.63688386925969
0.29600281806151874 0.9400736302403616
1.0558919987635853 0.4792711448375044
-0.13371588860676978 0.850976166963719
-0.7085810583606748 -0.6805849065885982
-0.36960444405899406 -0.9830198993296028
-0.45520254223130907 -0.8374522424079153
0.06460203195009542 -0.915608562815239
-0.6173182903763029 0.6986479056813897
0.7761686577441146 0.7060004948790569
0.6040003435198308 0.6075320900353247
-0.21559579800345974 -0.8333561394153147
0.03634050069107418 1.1871012067914706
-0.26101921198397005 0.838977284183513
1.090412433235337 0.24185809623191387
0.8080742556718543 0.29420811368165517
-0.753166993151799 0.6373202192152112
0.5744814159896722 0.796163856856344
0.3809991743682053 -0.8789069737286057
-0.2300431087778478 0.8712620910593367
-0.5255427351218367 -1.0147749894415052
0.7081062352328136 0.6923283956894482
0.23405595631611922 -0.9408904354728573
-0.14491739878796125 0.9853757277248495
-0.36795565515644235 0.8250913975920635
0.9696350114511285 0.401102410265034
0.09968944660735689 -0.9425696412949593
-0.6351572138506894 0.9599307192460065
-0.7727523714455722 -0.6610183250278131
-0.4316393714007028 -0.8161000123531585
-0.9100293427442339 0.6529253875745868
0.13238784881173857 0.90149977084319
0.5155352738604165 0.8058660612205643
-0.7820475032618429 -0.7053181280939068
0.5880402542440173 0.685396543802994
-0.533129185479783 0.7838265295463719
-0.36484885015459767 -0.9021250129064696
0.5351186173750208 -0.9683743306205194
0.9755270209292773 0.25104743347316794
0.7956916217756079 0.7549444436195929
0.8314161285550281 0.35867561683017624
-0.06901837322705606 -0.8468357289649249
-0.5882618653853977 0.586509448110773
0.8961909386741911 0.4318858020868831
0.8160755351614424 0.50140322739945
0.2335672678338395 0.966877620755674
-0.3276253517882467 0.9011088863759349
0.4762604948334774 -0.9599783920105317
0.9755913049211014 0.5274477215989322
0.3322436822422355 -0.9014342609576688
0.2998686974390943 0.7649142258621792
0.3631773738748519 -0.6696528717732745
0.4539803671176334 1.1024426898958555
0.2690157822292218 0.7929166048142452
0.028480773506196697 0.9539542025353346
0.9596026105333916 0.28054129830066593
-0.245948351368825 0.9072247091140331
1.0236539885851685 0.01984250569366474
0.3678635050231604 0.9193043790130366
0.474751673214459 0.631826113719848
-0.4313950627169671 -0.7283945169269705
0.7389115475376017 -0.7474554658374001
0.05285681366078849 0.9218347640729698
0.5472825798500772 0.7467494530530603
0.31420839121154376 -1.0832978400519253
0.4590138989867739 -0.908204077254459
0.03126112047292012 -0.8132037257677409
-0.8623393443240529 0.693452663975714
0.652821061892475 0.7246716428214158
-0.18242127359967117 -0.9677142910775404
0.05029226388834546 0.8317245122284843
0.2712577389431077 -1.1013651298591796
0.7504694824462536 0.6135571604591277
0.3567722539016039 -0.909508120823347
0.353970612341618 0.8378436902045548
-0.6684656185974305 -0.7995097467921872
0.9961667578333007 -0.426307512361786
0.8651719886585867 0.32777837330837983
-0.7081083574639893 -0.676366083165603
-0.3947554587576446 -1.0055300288070288
0.8909119240476848 0.028726443808563606
0.10649923285128486 0.9896486732354132
-0.3816693948410932 1.0336876109754742
-0.3918103358811115 0.9048709048961228
-0.43539893532171114 -0.8351143205461959
-0.6241088906267587 0.9025675673013276
-0.9548948733759726 0.17224184804847695
-0.44283366682246456 -1.1465783542875787
0.21025694062756373 1.0410761531880868
-0.8110029529714573 -0.46897127294629
0.093182912447388 1.0675712658175878
-0.056703156170791705 -1.056525169856624
-0.2576749960447746 -1.0777145220076034
-0.8998408771012508 -0.5346607959609986
0.7407676209571127 0.8437190038997823
-0.23541338289919192 0.8664894888651515
-0.23634233348597458 -1.0941354637943699
0.596961561463616 0.9819903868518055
0.5625018509403195 0.9213169639957056
-0.15659781213638602 -0.6590946631719848
0.24619229801230147 1.0807468409519212
0.8097445593957077 0.27906826054523876
-0.33131973921159397 0.7871527656667838
-0.9363157233975437 -0.4645164098742301
0.9006466599377334 0.199179134022831
0.4730192728342292 -0.7483611868059344
-0.4875532016316227 -0.7575855881191272
0.024661281586827125 1.0955033515936419
-0.3134244137010192 -0.9968083277409452
-0.3441585053839246 0.9372309107500696
0.5350913424651987 0.8364347137094403
0.48410189443630997 -0.92598985721647
0.9261309123084897 0.409971314666488
0.35523089270635555 1.0637880988649873
-0.24298070532862245 0.9544136667924338
0.49092585007023254 0.7548078279247183
0.33960066456455057 0.9392940912075334
0.25158540362837595 1.0196608839588541
-0.6463195938154926 -0.7064087509371223
-0.6283485245356989 0.7714180417601266
-0.40448223643081066 -0.946163745296583
-0.3569520531672652 -0.930047524833705
-0.2649121978634441 -1.0341840600374386
-0.6941242694696035 -0.7147849322053579
0.5583818901978035 -0.9071193171464448
-0.2976114194704201 -0.9417992879441858
0.8242168261925168 0.5570440468495645
-0.8028984011082007 -0.5341126236660767
-0.249497402133236 -1.0132866303504302
-0.5550462392193752 -0.761341044510044
0.9727820015030801 0.34474309234419576
-0.44971634328033244 0.7721010897470525
-0.04529827108833447 1.0655426573663065
0.3590795489594375 0.869991152335071
0.2866544975597154 -1.120836186775099
0.14956597069435476 1.0524534736146942
-0.12942639984029491 -1.0309440340465497
-0.664368790909777 -0.6014561406749013
-0.48238206625787633 0.8397871816301394
-0.0704716477509093 1.0683290903710476
-0.5566332877973007 -0.6649522314376584
0.25278432189195743 -0.9655982222726741
-0.7335912792001974 -0.6322119525613606
-0.5925645157850008 0.7012452376296868
0.3406698191570232 1.09577245671283
-0.14365134696369777 0.9023061541193733
0.5806853582872994 -1.0082071175504095
-0.2544418570821307 -0.9314218073476223
-0.6261166432638069 -0.8147007652686434
0.11879955029545981 0.8083425608960383
-0.5109751583239337 0.7694633832431107
0.4418566209724343 0.8642748752434852
0.09262019322874684 0.8554614655555689
-0.35223040416656576 0.9776679096305914
0.4366598524868676 0.9407443046534298
-0.4402406407343114 -0.7686663472646176
-0.5843197416224319 -0.7763219526153288
-0.23853844211878517 -0.8950336894059608
0.6411966718236397 -0.8057022853302975
0.2710585089076999 -0.7358865282300433
-0.00633351584967435 1.0189497350433685
-0.5349572456862987 0.7980683860954803
0.2175412632528683 1.0436898892476116
-0.9131990341409608 0.5306403547128178
-0.5579894378965142 -0.6291949922104376
0.3174832121197609 1.0127723718298363
0.9552009601980285 0.20174678653990316
-0.0913027341804307 -0.9973666993038199
-0.8047754854191401 0.4271386876039035
-0.5132672525174022 0.7318387640272712
1.1768601183448315 -0.0751247179862792
-0.07187897424950579 -0.9634279627472443
0.48886948174055944 -1.087635277753462
0.4648967930947454 1.0669203726976306
-0.38609119629604977 -0.8232817546359044
0.829397809254093 0.5468950047662194
0.23834551125277764 -0.9091327642903765
0.07210009076851155 -0.9440047579327754
-0.6520118868314441 -0.4998494040604087
-0.6234098809911152 0.7836020558328655
0.8166365957396402 0.38498628601717755
-0.7964317190641774 -0.6596029955951339
-0.29094138310093876 -0.8853520534466893
1.1340159637752838 0.34176458835534645
-0.016340126211472697 1.0778172718421537
-0.8215268066796365 0.5223561560766662
-0.689962772693663 -0.7974450499104533
0.8298495645295857 -0.6309265027818682
0.41842362051636384 0.946391693928653
0.7320730802405826 0.8826584924419715
0.7712798197437509 0.5547224924220456
0.879059276371031 0.524308728029207
0.7309656801516908 0.8061859735811462
-0.07012865070690999 -0.9612636704439449
0.41604755451406056 -0.7425946485111528
-0.2407568550338345 0.9321328870137572
-0.5993109149290323 -0.9546665759818646
0.9777141099640725 0.2960818945007462
-0.23243248727394578 0.9583935925534522
-0.47979782598606285 0.8508997812477253
-0.7550747234600966 0.6848375049471185
-0.41062495293577433 -0.9304681795451507
0.006132764095591975 -0.9604816231742231
0.26984630939556076 -1.041380975792576
0.017873100652753694 0.7881978173117499
-0.6528354169848527 0.8287684512832756
0.2735751182209326 0.9772468603858837
-0.582597508548834 -0.8519992965062653
-0.4784383708103572 -0.7764614714710951
0.8549253007231541 0.4963418066831554
0.13338507728130367 0.9315926370411687
-0.47758702365256034 -1.0233863983284825
0.9201583089982469 0.40885961210364463
-0.7223132270279066 -0.5874141983434699
0.22420985357940998 -0.8877837870841045
-0.11827632117188314 0.7599065200134606
-0.5868502193050554 0.6765362381941209
-0.3970622422232659 -0.9471894505189175
0.7484892875981215 0.4717255216874799
0.4148865082308155 -1.3134049160090464
0.2667064491378977 0.9528041250062824
-0.7044844074799587 0.5851177497285318
-0.36744479982416406 -0.7979219603403696
0.17184410691787708 0.929327695782738
-0.2683981663139567 -1.0751339213817996
-0.10600841215382392 -0.8893285029621006
1.0328910324123821 0.10886205128967273
-0.41308282230612603 -0.5492102915015745
-0.6029620475048777 -0.8261822558931214
0.20730381455315908 0.9433415219779091
0.21293013811345748 -0.7756920532007812
-0.5385648479594616 -0.7509881317587683
0.4407724482169392 1.037447880488122
-0.3803016309085769 -0.8509486984272862
-0.6781494928891123 -0.7427390629790108
-0.7139891856198359 -0.7530985422288787
0.392502152054664 1.1192432329744502
0.25489543935830045 -0.8801934009308777
-0.7181347559010203 -0.6550200677748015
-0.3906562235981834 -0.9871881956472666
-0.7127024949443997 0.7036588967089429
-0.1299019747262849 -1.0741999867979921
1.0583451425921542 0.23760503922023454
1.0140040213374395 0.38239292245739903
0.4144948794714012 -0.9653390972561663
0.04645080848566985 -1.0425642549989718
0.42261517839548063 -0.8549976768060191
-0.1673222185921111 0.8065258954557443
-0.03549696209744859 -0.8076595622239326
-0.6395867932503659 -0.6813010877644178
-0.6369501573275257 0.864317703918437
-0.6337778450125773 0.9135315544946685
-0.7093628877129172 0.6919100992549929
-0.4846282276475521 -0.8579449675275173
0.34762373069595914 -0.9636842555870742
0.8246346726001266 0.2401594424907282
1.0206532032303717 0.04979244880508479
-0.583435762549501 -0.9095093408804781
-0.3795395289518238 -0.799793763489141
-0.49474235602871425 -0.643569125190014
-0.27137716420590796 0.8853438137232758
1.096189772290433 0.1179756171901569
-0.37318057415099304 1.0459261702402889
1.007688389813238 0.156873154228626
0.1586383722028149 -0.9756227929168115
0.8925041228168713 0.04631819339518223
-0.36049697933367625 0.9728490150720872
1.0362348929952818 0.2530371972158966
0.769115507201719 0.6364061151603594
1.0663207417674538 0.08538303188383921
-0.7575865246795267 0.590714956098686
0.5480349649268205 0.4011695040063614
-0.8968564615588775 -0.5998947058491736
0.21010202926571794 -0.8591071107071203
0.1653934503760836 0.9529712806748686
-0.10704171566697125 0.9570274690930068
0.7681110350958814 -0.5824124432086839
0.884519572569136 0.3583092162230379
1.008023284827982 0.06764175146653911
0.8685658679685572 0.20216061019519765
-0.38031690571739507 0.687197818863924
0.9880953666777718 0.4142744665014718
0.43208583746358303 -0.7593071254064184
0.36906027403117064 0.9320096265764574
0.0818515835709088 -1.1559571403643127
-0.8648115390554779 -0.6422931391390412
0.5189931176192314 0.5579712086869956
0.01344907326045491 -0.9769327574299935
-0.1440838243086674 1.0383501269994113
-0.2804032482959078 0.8621212150765124
0.7701644878211013 0.27099223458830735
0.05143570195698176 -0.9158735825364145
0.5648886135172898 0.7731649816053281
-0.6117410683384066 -0.930651741799094
-0.5107211729907294 0.8323235447414625
0.5583080125754654 0.8990648583365386
-0.49828639074944964 -0.9701386292043733
0.6586813852374911 0.9471842674853481
0.25544941874036725 0.9434681418367165
0.9914772403956352 0.009672065663193901
-0.4849332501349853 0.781691680531804
0.45197693889946605 -0.9935645813282424
-0.8485967752704683 0.678840698889027
0.7132217405520986 0.8055679768431068
0.7170261528757851 0.4216755823467859
-0.6684134080929827 -0.6831118453645153
-0.5320728214364128 -0.8510394390400916
0.13489822537177648 -1.0432921430208946
-0.37331404366347104 0.7503921913065738
-0.1440636001912067 0.9409911126249431
-0.7057729991699889 0.5040895738475898
1.0359333809087683 0.5357520957134293
0.15174846666772568 -1.0810477139700643
-0.0013011816390339358 1.036680216588028
-0.8943546416529792 -0.5591127804827972
-0.8017109597416883 -0.7828046119447858
0.27419847910688383 -0.9387136885878098
-0.5745415870627246 0.9381621646937242
-0.6191495912404927 -0.8017650843139004
-0.902011273696885 -0.5752117546273838
-0.01619327998682447 -1.0433587062694405
0.7583976867000787 0.5339675630048926
-0.422394725890715 -0.9091770598260844
-0.7201808985174275 0.5821151700723642
-0.17515969281348776 -0.9037199139796149
-0.32428134337990583 -0.9444417759872982
0.13520772033961276 1.0060186191558895
-0.12450524338112594 1.1226296474686257
-0.6052888164046323 -0.6374972232787154
-0.001481049473822136 0.9965823961407942
0.16294993246368808 0.8582685194959181
-0.6210690830315168 -0.7647032451269208
-0.0969691730908878 -1.062105248137138
0.7168669922597048 0.8087985783850903
0.5246496647028867 0.846029705060121
1.207164216791253 0.0976919159509621
-0.030613349828516837 1.025424596753997
0.7979180896036263 0.41134166450734894
0.765036756495601 0.7312574667119003
-0.46994003307784005 -1.0735226340900055
0.18315835726450078 0.9354235194638173
-0.5927275777362842 -0.8620837881892551
-0.22554021826491683 0.8511539366327011
-0.28465389747280234 0.9411446988807368
0.035456488927328035 -0.9643460452054315
1.174843595135061 0.3585388347848931
-0.6569275206421492 -0.7057698934731068
0.4446623337276616 1.1971490899126942
-0.4352674439743957 0.6402694455527904
0.408018420745126 -0.8446925903350756
-0.25066461887419667 0.9840549380743328
0.03972620339056602 -0.9593679049781445
-0.9033375074209732 0.5354445577176657
-0.899478482037516 -0.527261463846265
0.01007010224474687 1.2147983707911323
0.21415557763734852 -0.9402260005321058
0.04138091751469441 -1.115348419457235
-0.9952740322946875 0.612239481177348
-0.8653278705768099 -0.5046885331939596
0.41395929570556633 0.7723739969625608
-0.1627484449179246 0.9971457932294794
-0.7320708297731966 0.9523008075557303
0.4783322555707399 0.8055172553815083
0.4375078413387707 0.7596719003412813
0.3965172286156221 -0.7602844634135598
0.5161026378673309 0.9415632164073394
-0.00019091632996923072 0.9411814040234522
-0.38106690179191205 -0.8545523741363766
-0.8108566207443201 0.594558410837088
0.9899401479338822 0.36376660769595315
-0.20618184601565737 -0.9867667335442168
-0.27180905998789556 1.005074612468238
0.08270743235479883 1.0544297035166337
0.9795415974426808 0.04122851906283446
0.32378722038873403 1.0106526034662313
0.7916755194860076 0.5613484880273388
0.15733580548544798 1.0644150983407226
0.24100980169075303 0.9064680843051599
0.0806080243791959 1.112762135272645
0.34537825997531546 -0.98781087112665
-0.4727782324767894 -0.7125091243641639
0.7635765121176898 0.5083074664401345
-0.5622076825618126 0.878289156596542
-0.7030376723743447 -0.6817004700327342
0.5833680201401111 1.1055068747257957
0.8693505291233599 0.7949981412016138
-0.06417151559673548 -1.123070468843557
0.05610336109266858 -1.1561690303000933
0.37374440495116823 0.8856663903554685
0.4943862384812429 0.837765431362438
0.25050792139292943 -0.9184103550104334
-0.0642051257249698 0.9488052906311435
-0.6949895454621441 0.6820885040781286
-0.6783812581306268 0.6561943164719846
0.9241673482357993 0.15708629525688142
-0.48526711443871934 0.8104228135514024
0.681704816053927 0.28932784482461926
-0.5352462812613971 1.0956551138770898
-0.3271981941588939 -1.0579664382492164
0.09625190670834607 -1.049641482974551
-0.479579665495943 0.9087413855209043
0.6927289507842627 0.5238587211310182
-0.26373466031099485 -0.9375298298355004
0.7097978043612355 0.6777283334700461
0.5895810939265841 0.9402597289100761
-0.0021521694024281917 0.8282744977596442
0.9848448082779064 0.3936589038764139
-0.7290113952518188 0.9490587174758506
-0.8149420916679061 0.8157549956011851
-0.5632749775637954 -0.8539489588599154
-0.7988347150993588 0.48428790367556585
0.11801826798478643 -0.9944946345552802
-0.9529567998242109 -0.08810636033452365
-1.0992917921537502 0.15382809248299806
-0.5487228762655442 0.6952312396334829
0.19728126721343128 -0.8870459098999979
-0.6502505951435839 0.8128346084205805
0.4057032192462523 -0.9344772058803815
0.43608374725817317 -0.9946606030587288
-0.6336915776918463 -0.5942649080022115
0.5618778565312387 0.7638251538341542
0.14663425328233992 0.8384078225962267
-0.7047969366705157 -0.6033926540199368
-0.880586665610798 0.5186919573123668
-0.9371503993273669 -0.5719596440731473
-0.5986856462492531 -0.7616895148752982
-0.02160679412131019 0.6976526721235174
-0.5421370378883742 0.929978581150231
-0.34848799346817894 0.8802933344604272
0.18273391213187323 -1.0212822620497028
0.2404747715099672 0.8738968600429542
0.8202476569800361 0.49982816349305326
-0.16052373134626632 -0.7940783246167264
0.5888585900237079 0.7327685370699463
-0.7925074375140299 0.8772193812726816
-0.6872993981933075 0.8465132598728464
-0.7594129926238041 0.9268311254287313
-0.261355598677287 0.9377175142423869
0.5936197661951764 0.8438569607152235
0.4075637546958901 -1.033984376658967
0.12032091604419494 0.9021221684239568
0.8338318465826917 0.5030154361919497
0.4914386152356209 -0.9085705408576095
0.05438807118234301 0.9087553798095565
0.4438443431350637 -0.8320284630544328
-0.7726378407206577 0.4646452783204733
0.010537530330291575 0.9037135311271666
-0.5775998259553836 -0.9362727132256358
-0.2311103908509635 0.9622821058499244
-0.8901064328370423 0.6493842781781379
0.40793191337493967 -0.9577578919265606
-0.24703646684057867 0.8649433428870295
-0.0016906822374886392 -1.0736974561469423
0.027773760518583747 -0.9499631187077098
-0.8804602005919318 -0.7345953701815396
-0.628680835956002 -0.79475002581902
1.0525288160629651 0.280973259022653
-0.6789578776438723 0.5949119984860409
-0.3717997409376858 -0.9352146564303891
-0.36823424800395205 0.8919118430391396
0.7344460619236225 0.7302752225233787
-0.9954845726094071 0.5791607478036079
-0.9220592777477322 0.2745743581185887
0.49603415441506366 -0.9703134077563235
0.8422407105648858 -0.3209044228325466
0.9907457817624857 0.002427930178754241
-0.8156113081036276 -0.06538851288091285
-0.7038186779018346 -0.9934515064368579
-0.7633814795128895 0.4686326403411095
-0.21958170793913492 -0.9481772043386837
0.6058874339356964 0.9523565984789697
0.5143543883074986 0.9318630987328705
0.12625993538077745 0.9745614005675169
-0.6613088458121503 0.8060566200714213
0.5014700521843295 0.8789850879223323
-0.24992256284494654 0.7812198012307184
0.2728693825397045 0.9797557404474733
-0.6704941991161181 0.7377348375491293
-0.1316699526370137 -1.091139014293173
-0.06793198853170491 1.0257934919339258
0.2793798634551589 1.053599116436489
-0.5529202055175737 -0.7661784664143495
0.9494650981897131 0.5180056002769869
1.021395780065104 0.07232241296858646
0.6440399330332771 0.9166260327125846
0.6293067245520362 -0.791219359212528
0.17245552892065563 1.102009130997748
0.7871816914819956 0.7847222836145874
0.3540047053416103 0.8108683401051985
0.8314767537257225 0.007429198908089043
0.3093443400290948 1.0202755246420594
-0.7356780374058232 0.5345303595760778
0.7245839518173918 0.678223746313768
-0.6600747259835752 -0.9319756257003662
1.0417744833140572 0.05684175995477934
-0.5802868444642126 0.807547696533633
0.6363065972905743 0.6177066176372537
0.1914237565295794 -0.921896583198751
-0.7286729026319898 0.6422479103270798
0.8621876947335384 0.2887157490305981
0.8452682011669567 0.4207820716904441
0.7141240223013362 0.8070921159204658
-0.24846982052651576 -0.869435759383146
-0.2926585810035871 1.0624215275509385
0.5412353000305831 0.8537964347790572
-0.644687178748848 0.7321860453539913
-0.031023415860766804 -0.9437055610106885
-0.7962813625596321 -0.6929050973362372
-0.7353151828348272 0.8378387866519919
-0.03358577774739405 -0.9064924578158532
1.0970734081985096 0.22452782326515963
0.4278838948279525 0.8837325533336479
0.27682123410561943 -0.9423699584528455
0.5838663995192249 0.8678657752520801
-0.6385737313992003 0.4930656659141978
0.30800088629568484 0.8553980586621243
0.7712943439615714 0.4432466161525986
0.35515515146633025 1.026092103259877
0.9873600590462821 0.3456063560389109
-0.5830177934924335 -0.8978966020184729
-1.0702789845531644 -0.07336955110817991
-0.5211096092872651 -0.9276467824868038
-0.6966891261281386 -1.1838328192051413
-0.5572023441835281 -0.6342335370605754
0.15898528653920402 0.9245607467553264
-0.5239150733474356 0.7964492672514697
0.33586546103032905 0.9842709096606722
0.8757336549038182 0.3638446534382538
-0.3137970641227151 -1.0526330515746838
0.36304345630127427 -1.0341952298437147
0.8434149429336963 0.5524062790980844
-0.6631950867694711 -0.7612225518006076
0.9690204761685562 0.4564028573763124
-0.5065439248273721 0.838477748915566
-0.8274636494500486 -0.5288401712161418
-0.5464816539964985 0.7504593728300816
-0.3686867845949425 -0.9725243829278963
0.6302820861407726 0.6327333384410362
0.2733105215319145 -0.9559971609614644
0.8510621874020946 0.6096766992005891
1.0610643478706592 0.3149772193549425
-0.7545039366596086 -0.5460322188132685
-0.0055414933346222064 0.9692546100738545
-0.7354330533916358 -0.699537457768093
0.948703150396923 0.030836745525635072
0.15420480100519618 1.103587418139856
-0.4981158640379736 -1.1187568601954585
1.1167571603288013 0.29334412859669284
-0.042973673026338935 0.9591159458775697
0.8249793513988669 0.6154952735379658
0.04399830045087951 -0.9710717249407036
0.15929527024676143 -0.9717989337951651
0.9333220565537911 0.6478544149111138
-0.7813809523943639 -0.578580799742395
0.2620839281524341 -1.2455351327371658
-0.7913536920237726 -0.6634009889163179
-0.4354316950569098 -1.1703601536272936
0.6141573416846106 0.8555807946839509
-0.56645954838294 -1.0768783901944865
0.5978480865256323 0.8545427284793636
1.098565953396874 0.025092170973301138
0.9258058216927091 0.3335136444556545
1.0269216755941144 0.006878062381209393
0.015131401380329049 0.7700553761695297
0.38136558609465876 -0.9779287195386969
-0.3403767323586 -0.9977402993241365
-0.8307251854272105 0.8683242588007053
-0.8318538065618527 0.579769293898443
-0.30627691491654285 0.8968151524964431
0.0456027163348342 -0.9433258401563457
-0.44839477369026887 -0.9639899845341424
1.069997774175815 0.10764713108501253
-0.4985343947727868 -0.9014590844531698
-0.4026555735113384 1.0146032543651786
-0.1407066705170217 -0.9949642131279074
0.9447644468154472 0.3494841337458333
0.09197273293992766 -1.1238468173268747
0.7723254396461501 0.6962343889298692
-0.20766455712948925 -0.8508822973505169
0.3022724883976682 -0.85621982510805
1.0338981383572352 0.16138481170028326
-0.5380491105743413 0.8292291221277833
-0.3248680816930007 0.939990147918116
-0.7371850414652481 -0.5386970891556601
0.527158308426925 1.0718083698837897
-0.09827181840167169 -1.002401302905972
-0.2281465803371494 -0.9399627498093566
0.2013224780174985 1.14875199077084
-0.41919517726592204 0.9877373870379819
-0.8171343577794558 0.47741296835487423
-0.18090565179286858 -1.0497977321608194
-0.362919079461243 0.843140250674795
0.9268276410546062 0.029025619225612326
0.14117623988983863 -0.9878694413945399
0.6149477228582837 0.8245640873685993
0.26769849644770366 -0.8034296420058178
-0.4051117474059696 -0.7678293144885049
0.4426950052177402 -1.0540261048880246
-0.3195811332910289 1.0210631539562713
-0.19879839170999195 0.8878792650690772
-0.5486622456066297 -0.5217193295740119
1.040940190110911 0.5521921906379861
-1.0003842615776968 0.1105591561079437
-0.2866694082273419 1.0479805359547163
0.7685405442916506 0.5708999643547885
-0.11712436330486055 -1.0516338789007902
-0.4507573343658638 -0.8522599614621424
0.9690942527616855 0.6785813214346292
0.7891028588560726 0.6391403785118214
-0.5138595035061705 1.0760238430146183
0.10893606612027942 0.8420728488256285
0.8049201392730073 0.6394245081865867
-0.6067440222954588 -0.7235860530400148
1.0914135608731583 0.04611951134542359
-0.4428870100500898 0.7125988522863466
-0.6093171555513973 0.8645406090874209
-0.21779232482125233 0.945787076330799
-0.6180941420997823 -0.8286067058345976
0.9943991447355999 -0.15406400661645686
0.19706837484607972 0.928083703156546
0.9070594445440114 -0.00459917084834302
-0.29820855252194434 1.0456226715087504
0.46588082565699607 -0.9714591036422896
0.3498500406931904 0.877017885525434
-0.0905369284172066 -1.0029814896416551
-0.6819937778638618 -0.7799947556841496
0.7726259902880506 -0.7825542446600557
0.678278200731737 0.9143772060196413
-0.19375357796937165 -0.8732533106774873
-0.1850471103311567 -1.0124368256106175
-0.3375013954109976 1.080397227552733
0.2399527280838446 -0.8976395371893193
-0.4465729535772277 -0.6816898532447964
-0.7156610276550418 -0.9114442221127045
0.13310929512838118 -0.9758867336609854
-0.1932031940344371 -0.9564808093760954
-0.3080268788068623 -1.113365289387769
0.14928589456467856 0.8329617244976079
-0.4661047155611263 0.9176421940770384
-0.5253518394121107 0.8098023813122472
-0.6223518633600972 0.770204392976615
-0.2993470639167469 0.9313341041141078
-0.7412138769347202 -0.48660297824411164
-0.568582276620595 0.6264879089883624
-0.6331134759014988 -0.8173910752617248
-0.6302069639049159 -0.9196513205609924
-0.23573775381570833 -1.0264365617841988
0.5651230534100916 -0.832508407133588
-0.24763719701918047 -0.9488690151768252
-0.6309720598599001 -0.6328226340987114
-0.4122656714538872 -0.8259992308148811
0.20481114810284248 0.8336580704667498
-0.6186757604431565 -0.7560400544709982
-0.03558220754832661 -0.9507405241491726
-0.12898290660428405 0.9847532290263998
1.0092804959697392 -0.06342697834749232
0.6658822895088897 0.8983882418021941
-0.7473096959680147 -0.5252160052752919
0.26331889485895504 -0.9341059085004977
-0.38410382366758866 0.930180706962942
0.13750679203199015 -0.9925393608994121
1.0231109353478858 0.5234163111803616
0.4858754241659916 0.7448079918564608
0.5422747602219459 0.7230631040882632
-0.5656994310745846 -0.9296721472363002
-0.06120425748918158 -0.972304889039514
-0.7008153245748087 -0.7126489774951915
0.8821774683782371 0.092232643845054
-0.41145263543172067 -1.0407459673738746
-0.7633843183660383 0.7010259883602044
0.12657353375152372 -0.8884687312053903
0.3154459084682793 0.858456578777262
1.0184364043736656 0.06147116433313132
-0.7014222257010161 -0.466141853345411
-0.6729828175496779 0.5953297224043456
0.6218094606402614 0.77146591146275
0.06677463674808722 -1.0185938096115847
-0.4854661045811958 1.0213955996246011
-0.11939128160590648 -0.8997793157563897
-0.5753455813569432 0.8017463332795535
0.2700936209952614 1.0061179720922273
-1.0061133192260185 -0.35251043139128846
-0.5236541047973953 1.103944860542058
-0.587579429133626 -0.9409719526023642
-0.5812054656842692 -0.7581701438329644
0.5797064955698428 -0.5895491765150296
0.5287827000525316 -0.9618687319873563
0.4219724477652917 -0.9313002912022778
-0.8636915495810287 -0.510084330228325
0.1041282771351745 -0.905451085360031
-0.435877958790943 -0.8765743056637266
-0.22418188512177228 -0.961216433332038
-0.6938405993575054 -0.848086084653596
0.11874699602988939 -0.939341709182119
0.4578015343117902 0.8508042020493451
-0.8037963093917007 0.5574506888527996
-0.18667701052559146 -0.9629134516340806
-0.3374823969716804 1.013966156905501
-0.6915824279295142 -0.9627275647873414
-0.2892471255966651 -0.9146539566167055
0.24343518860348648 -0.884661650526897
0.9430482354720983 0.05095095498696479
0.7341911599269032 0.6399493450363657
0.33891298350864135 -0.951424924089808
-0.7640683938297849 -0.9242527889429032
0.27505748044727474 -0.772132794950798
0.9490344398914018 0.38961781223083675
0.29076282839826506 1.184270759680691
0.4723875854154706 -1.077976736046319
-0.005951056054721682 0.9489418826790728
0.24079487175716344 0.9869585354761576
-0.07105651931199901 1.0219351311816063
0.7525686879358392 0.8298060111609853
-0.8382220882285697 -0.6266274801146835
-0.8089735063166118 0.48765718802658453
-0.06283980829864735 0.9886325880123079
0.8740021221943268 0.7279999143685428
0.7963847325378749 0.3963364943196332
0.6499270262328836 0.6371729504320898
-0.829566982655818 0.5455402921020989
0.8351857125754119 0.27329064611178777
-0.125222758475525 -0.8441802600402225
1.032091767040483 0.2669807638815594
0.1600957013771329 0.819194318040231
0.9549276146006046 0.5360548675164345
-0.7263916057899822 -0.6779999875982773
0.1663364311645112 -0.8856986853844137
0.4007660255996058 -0.924525314928998
-0.7000186815952794 0.8501744709473232
0.26671578390582795 0.9431229037381903
-0.284407054583646 1.0432841508214632
-0.8434486975714678 0.6055473848121873
1.1397917757143958 0.3034082689611979
0.2598949383315764 0.9298834391823103
0.8854166466353708 0.0721907003576708
-0.16654423168630628 -0.9868827303589959
0.4096626547818386 0.7628560972561501
0.2962213904753446 0.8428091695712954
-0.6544869924824519 -0.6708700697665891
-0.26635261491674894 -0.8998630704619551
-0.5080936681255902 0.9430533439459299
-0.6999740260983137 -0.8262984728281361
-0.07025074903130764 0.9314441455954894
0.8334493774752922 0.4839354651310958
1.0547068982631695 0.15757620585480098
0.7880058869936727 0.4512711135620732
0.27535437002649776 -1.1496958869027156
-0.5572881720132339 -0.8310310423797431
0.9133713239829001 0.5097923644892317
-0.597103588602068 -0.7746789730693721
0.5851447690506043 0.6895514910811138
-0.4625591792966235 0.7984071687397329
0.7960665112212996 0.7681608469941662
0.3847547038516708 -0.927904288535192
0.6374704606234969 1.0479679768927523
0.4179242817557185 -0.9738232901307963
-0.4039507769441807 1.1316045147507252
0.933788769968831 0.21545157790204622
-0.08492825851952418 -1.0113407975238715
0.3025023667299659 -0.9921975478336551
-0.659545360677026 0.6114405692740149
-0.6086261893013623 0.9353489332586787
0.6194688699893339 0.8876885047585464
0.844279788424909 0.07954445372960187
0.8289109208547247 0.172525293558026
-0.8682649296025121 -0.6441170592998329
-0.1926238532537777 -0.9316987636696378
-0.7761273248886612 0.4698925977438106
0.7804562792276978 0.4714567590628446
1.0704351029370764 0.18151068252424374
-0.3566042641440664 0.9204338356491696
0.023196532211839278 0.9689702146047325
0.2076291776690912 1.0926607344711727
-0.6815928781270967 0.8350698725116127
-0.9156831991401633 -0.5825959054050406
-0.8717726569770776 -0.6317663896476673
-0.011492552068841973 1.1349285730160792
0.17400404325650703 -1.0892053850200576
0.2827939592028738 0.9747632797021066
-0.6858567125368186 0.7804150678528425
0.9478130051044075 0.03578742958587936
0.32356188154795024 0.9036271412506712
0.5414737540847333 0.8899152562349739
-0.5626407128572647 0.7762164919040605
0.3795292896849538 0.9029827274088523
-0.8099719970891102 0.5096968680471828
0.9714638184368687 0.18505932773756698
0.08648740832303957 -0.9069697866265236
-0.20024327452076982 -0.9777712879721221
-0.32390418477266475 -1.05514566008208
-0.37477841580456217 -0.8673425245075644
0.010879698146248624 -0.9541419486130934
0.26088373849239066 -0.8648468661078113
0.9583719334461943 0.4598045112726073
-0.592260668428334 0.6344900910376396
0.21886819143373915 0.7395545346361043
0.2286706425973064 -0.8864563110577371
0.999476790447949 0.03882329131555836
0.6388054707157168 0.7312769449608365
-0.49311539765623497 0.8939619356899425
0.3935550267497398 -0.8807747212451592
1.1007525817768182 0.004237519067663222
0.4598898731432266 0.6778585126614455
1.1018581230616715 -0.07614057542933193
-0.9645196898827443 0.45493606241362883
0.7180965431989905 -0.5330448922120162
-0.26664196871874724 0.9340298023833981
0.673915856686697 0.885466160928581
0.8397530977192273 0.13109703643040516
-0.5569133676181873 0.9513304962296874
-0.7667239005909248 0.7870410540202162
0.9353657546263296 -0.3230200065391404
-0.8013263677952501 0.7173620737288788
-0.023683292924336487 -0.6558281144347479
0.26845046603270256 -0.9058275647845218
0.5549057060063131 -0.9772008454066347
0.9858102462393953 0.3787984475731508
0.24331149096280497 1.007360644579022
-0.1951754264978863 0.8362044210567052
0.4141477967723561 0.9149602812082132
1.0094850127869235 0.3692565482148898
0.2777567195198537 0.7797740718045245
0.19778736875011996 -0.9905549342845309
0.3914844436962771 -0.8022206771335278
0.08714157439310276 -1.1566964565504183
1.067497766150563 -0.003404966033900614
-0.6639960435785924 0.28363922054473445
0.6729951379663166 0.8891801054321635
0.16535475022657864 0.09412259343658524
-0.22854387305868684 -1.0605884092740925
0.7597188876597718 -0.7813781382625051
-0.6731195183802074 -0.6767410791840454
-0.05153091516464481 0.22468427593998408
0.18088524069517198 -1.153743825801912
-0.34768067655161494 -1.2291603292577336
1.0202474160972237 0.6971795447499134
0.7358086037671199 0.996425548235695
-0.07723297482998848 -0.5713782616609806
0.9345483096675795 -0.4861208280096352
0.018490049880593773 -0.42230527751773694
-0.15390368287623057 -0.3675197285890397
-0.6877450029362866 -0.9555390509900957
-0.22237333323628294 -0.3412272506001235
-0.683265276346498 -0.22576472815384108
-0.02959207669791941 0.7772561844423418
0.014467273742542197 -0.903895439164144
-0.7170117852734512 -0.0721619145583392
-1.2099697423758502 0.041760629647056735
0.28113065460662745 -0.7339796590594505
0.3447614737382423 -0.525364699022626
0.003896989224433378 0.45788391109843096
-0.09955011060275054 -1.02216429862187
-1.196574476679205 0.736796233448761
-0.5094413476438218 -0.18286420772524314
-0.5203276307499085 1.2048535042446291
0.8981745174636884 0.12350363387584351
-0.4020735120967047 0.9714072945789289
0.8712067767319107 0.1746732153664876
-0.6786390773518212 0.7020595785493147
1.2095469309668108 -0.8289318425724848
0.9122985388158158 -0.2815746216976245
1.0259943510745688 -0.2617199603433401
-0.7334996420774831 -0.05499661798106925
-0.7854224383851488 -1.085027689327054
-0.7293364149450043 -0.37578237319840757
-1.0903556804766454 1.0858634785422439
0.9606457114714289 -1.0174634486272462
0.7435619139392589 -0.6578324173239131
-0.8506998721894254 -0.9966794878962868
0.4125268373553348 0.20465708065301902
-0.0006153460825608636 -0.7636457645769237
0.5832940960060844 -0.7313379559223027
-0.2203925454890201 -0.9820614934664653
-0.9581335353565292 0.1784219383295269
0.33737762975675634 -0.010496848893878585
